2e-06,0,0,0
2.7952e-06,2.7598e-07,0,0
3.5904e-06,1.492e-06,0,0
4.3855e-06,5.0853e-06,0,0
5.1807e-06,1.3376e-05,2.3315e-15,0
5.9759e-06,2.9582e-05,9.2482e-14,0
6.7711e-06,5.7741e-05,1.9215e-12,0
7.5663e-06,0.00010259,2.4705e-11,0
8.3614e-06,0.00016939,2.1935e-10,0
9.1566e-06,0.00026381,1.4534e-09,0
9.9518e-06,0.00039174,7.6046e-09,0
1.0747e-05,0.00055919,3.2777e-08,0
1.1542e-05,0.00077215,1.2021e-07,0
1.2337e-05,0.0010365,3.8479e-07,0
1.3133e-05,0.001358,1.0968e-06,0
1.3928e-05,0.001742,2.8292e-06,0
1.4723e-05,0.0021938,6.6933e-06,0
1.5518e-05,0.0027182,1.4682e-05,0
1.6313e-05,0.0033197,3.0132e-05,0
1.7108e-05,0.0040025,5.8309e-05,0
1.7904e-05,0.0047702,0.00010708,0
1.8699e-05,0.0056264,0.00018767,0
1.9494e-05,0.006574,0.0003154,0
2.0289e-05,0.0076157,0.00051037,0
2.1084e-05,0.0087538,0.00079811,1.7764e-15
2.188e-05,0.0099903,0.0012099,3.2085e-14
2.2675e-05,0.011327,0.001783,4.5786e-13
2.347e-05,0.012765,0.0025606,5.3068e-12
2.4265e-05,0.014305,0.0035915,5.074e-11
2.506e-05,0.015949,0.0049292,4.0673e-10
2.5855e-05,0.017696,0.0066314,2.773e-09
2.6651e-05,0.019547,0.0087588,1.6289e-08
2.7446e-05,0.021503,0.011373,8.3399e-08
2.8241e-05,0.023562,0.014538,3.7611e-07
2.9036e-05,0.025724,0.018314,1.5083e-06
2.9831e-05,0.02799,0.022759,5.4246e-06
3.0627e-05,0.030358,0.027929,1.7636e-05
3.1422e-05,0.032827,0.033872,5.2202e-05
3.2217e-05,0.035397,0.040632,0.0001416
3.3012e-05,0.038066,0.048244,0.00035411
3.3807e-05,0.040834,0.056735,0.00082095
3.4602e-05,0.043697,0.066125,0.0017735
3.5398e-05,0.046657,0.076423,0.0035869
3.6193e-05,0.04971,0.087629,0.0068218
3.6988e-05,0.052855,0.099736,0.01225
3.7783e-05,0.056091,0.11273,0.020851
3.8578e-05,0.059415,0.12658,0.03376
3.9373e-05,0.062827,0.14125,0.052169
4.0169e-05,0.066324,0.15671,0.07719
4.0964e-05,0.069904,0.17291,0.10969
4.1759e-05,0.073566,0.1898,0.15011
4.2554e-05,0.077308,0.20732,0.19841
4.3349e-05,0.081128,0.22541,0.25393
4.4145e-05,0.085023,0.24401,0.31547
4.494e-05,0.088993,0.26306,0.38137
4.5735e-05,0.093034,0.28248,0.44968
4.653e-05,0.097145,0.30222,0.5183
4.7325e-05,0.10132,0.3222,0.58525
4.812e-05,0.10557,0.34237,0.64876
4.8916e-05,0.10988,0.36266,0.70742
4.9711e-05,0.11425,0.383,0.76026
5.0506e-05,0.11869,0.40334,0.80671
5.1301e-05,0.12318,0.42362,0.84662
5.2096e-05,0.12773,0.44379,0.88017
5.2892e-05,0.13233,0.46379,0.9078
5.3687e-05,0.13698,0.48359,0.9301
5.4482e-05,0.14169,0.50314,0.94777
5.5277e-05,0.14645,0.5224,0.96151
5.6072e-05,0.15125,0.54133,0.97202
5.6867e-05,0.1561,0.5599,0.97992
5.7663e-05,0.161,0.57809,0.98577
5.8458e-05,0.16593,0.59587,0.99004
5.9253e-05,0.17091,0.61321,0.99311
6.0048e-05,0.17593,0.63011,0.99529
6.0843e-05,0.18098,0.64654,0.99681
6.1639e-05,0.18607,0.66249,0.99787
6.2434e-05,0.1912,0.67796,0.99859
6.3229e-05,0.19635,0.69293,0.99907
6.4024e-05,0.20154,0.70741,0.9994
6.4819e-05,0.20676,0.72139,0.99961
6.5614e-05,0.21201,0.73488,0.99975
6.641e-05,0.21728,0.74787,0.99984
6.7205e-05,0.22258,0.76036,0.9999
6.8e-05,0.22791,0.77237,0.99994
6.8795e-05,0.23325,0.7839,0.99996
6.959e-05,0.23862,0.79496,0.99998
7.0386e-05,0.24401,0.80555,0.99999
7.1181e-05,0.24942,0.81569,0.99999
7.1976e-05,0.25485,0.82539,0.99999
7.2771e-05,0.26029,0.83465,1
7.3566e-05,0.26575,0.8435,1
7.4361e-05,0.27122,0.85194,1
7.5157e-05,0.27671,0.85998,1
7.5952e-05,0.28221,0.86764,1
7.6747e-05,0.28772,0.87494,1
7.7542e-05,0.29324,0.88187,1
7.8337e-05,0.29877,0.88847,1
7.9133e-05,0.30431,0.89473,1
7.9928e-05,0.30986,0.90068,1
8.0723e-05,0.31541,0.90632,1
8.1518e-05,0.32097,0.91167,1
8.2313e-05,0.32653,0.91674,1
8.3108e-05,0.33209,0.92154,1
8.3904e-05,0.33766,0.92609,1
8.4699e-05,0.34323,0.93039,1
8.5494e-05,0.34881,0.93446,1
8.6289e-05,0.35438,0.9383,1
8.7084e-05,0.35995,0.94194,1
8.788e-05,0.36553,0.94538,1
8.8675e-05,0.3711,0.94862,1
8.947e-05,0.37666,0.95168,1
9.0265e-05,0.38223,0.95457,1
9.106e-05,0.38779,0.95729,1
9.1855e-05,0.39335,0.95986,1
9.2651e-05,0.3989,0.96228,1
9.3446e-05,0.40445,0.96457,1
9.4241e-05,0.40999,0.96672,1
9.5036e-05,0.41552,0.96874,1
9.5831e-05,0.42105,0.97065,1
9.6627e-05,0.42657,0.97244,1
9.7422e-05,0.43208,0.97413,1
9.8217e-05,0.43759,0.97571,1
9.9012e-05,0.44308,0.97721,1
9.9807e-05,0.44856,0.97861,1
0.0001006,0.45404,0.97993,1
0.0001014,0.4595,0.98117,1
0.00010219,0.46495,0.98234,1
0.00010299,0.47039,0.98344,1
0.00010378,0.47582,0.98446,1
0.00010458,0.48124,0.98543,1
0.00010537,0.48665,0.98634,1
0.00010617,0.49204,0.98719,1
0.00010696,0.49742,0.98799,1
0.00010776,0.50278,0.98874,1
0.00010855,0.50813,0.98945,1
0.00010935,0.51347,0.99011,1
0.00011014,0.51879,0.99073,1
0.00011094,0.5241,0.99131,1
0.00011173,0.52939,0.99186,1
0.00011253,0.53467,0.99237,1
0.00011333,0.53993,0.99285,1
0.00011412,0.54518,0.9933,1
0.00011492,0.55041,0.99372,1
0.00011571,0.55562,0.99412,1
0.00011651,0.56082,0.99449,1
0.0001173,0.566,0.99484,1
0.0001181,0.57116,0.99516,1
0.00011889,0.57631,0.99547,1
0.00011969,0.58144,0.99575,1
0.00012048,0.58655,0.99602,1
0.00012128,0.59165,0.99627,1
0.00012207,0.59672,0.99651,1
0.00012287,0.60178,0.99673,1
0.00012366,0.60682,0.99694,1
0.00012446,0.61184,0.99713,1
0.00012525,0.61684,0.99731,1
0.00012605,0.62183,0.99748,1
0.00012684,0.6268,0.99764,1
0.00012764,0.63174,0.99779,1
0.00012843,0.63667,0.99793,1
0.00012923,0.64158,0.99806,1
0.00013002,0.64647,0.99818,1
0.00013082,0.65134,0.9983,1
0.00013161,0.65619,0.99841,1
0.00013241,0.66102,0.99851,1
0.0001332,0.66584,0.9986,1
0.000134,0.67063,0.99869,1
0.0001348,0.6754,0.99877,1
0.00013559,0.68016,0.99885,1
0.00013639,0.68489,0.99892,1
0.00013718,0.68961,0.99899,1
0.00013798,0.6943,0.99906,1
0.00013877,0.69897,0.99912,1
0.00013957,0.70363,0.99917,1
0.00014036,0.70826,0.99922,1
0.00014116,0.71288,0.99927,1
0.00014195,0.71747,0.99932,1
0.00014275,0.72205,0.99936,1
0.00014354,0.7266,0.9994,1
0.00014434,0.73114,0.99944,1
0.00014513,0.73565,0.99948,1
0.00014593,0.74014,0.99951,1
0.00014672,0.74462,0.99954,1
0.00014752,0.74907,0.99957,1
0.00014831,0.75351,0.9996,1
0.00014911,0.75792,0.99962,1
0.0001499,0.76231,0.99965,1
0.0001507,0.76669,0.99967,1
0.00015149,0.77104,0.99969,1
0.00015229,0.77537,0.99971,1
0.00015308,0.77968,0.99973,1
0.00015388,0.78398,0.99975,1
0.00015467,0.78825,0.99976,1
0.00015547,0.7925,0.99978,1
0.00015627,0.79674,0.99979,1
0.00015706,0.80095,0.9998,1
0.00015786,0.80514,0.99982,1
0.00015865,0.80931,0.99983,1
0.00015945,0.81347,0.99984,1
0.00016024,0.8176,0.99985,1
0.00016104,0.82171,0.99986,1
0.00016183,0.8258,0.99987,1
0.00016263,0.82988,0.99988,1
0.00016342,0.83393,0.99989,1
0.00016422,0.83796,0.99989,1
0.00016501,0.84198,0.9999,1
0.00016581,0.84597,0.99991,1
0.0001666,0.84995,0.99991,1
0.0001674,0.8539,0.99992,1
0.00016819,0.85784,0.99992,1
0.00016899,0.86176,0.99993,1
0.00016978,0.86565,0.99993,1
0.00017058,0.86953,0.99994,1
0.00017137,0.87339,0.99994,1
0.00017217,0.87723,0.99995,1
0.00017296,0.88105,0.99995,1
0.00017376,0.88485,0.99995,1
0.00017455,0.88863,0.99996,1
0.00017535,0.8924,0.99996,1
0.00017614,0.89614,0.99996,1
0.00017694,0.89987,0.99997,1
0.00017773,0.90357,0.99997,1
0.00017853,0.90726,0.99997,1
0.00017933,0.91093,0.99997,1
0.00018012,0.91458,0.99997,1
0.00018092,0.91821,0.99998,1
0.00018171,0.92183,0.99998,1
0.00018251,0.92542,0.99998,1
0.0001833,0.929,0.99998,1
0.0001841,0.93256,0.99998,1
0.00018489,0.9361,0.99998,1
0.00018569,0.93962,0.99999,1
0.00018648,0.94312,0.99999,1
0.00018728,0.94661,0.99999,1
0.00018807,0.95008,0.99999,1
0.00018887,0.95353,0.99999,1
0.00018966,0.95696,0.99999,1
0.00019046,0.96038,0.99999,1
0.00019125,0.96377,0.99999,1
0.00019205,0.96715,0.99999,1
0.00019284,0.97052,0.99999,1
0.00019364,0.97386,1,1
0.00019443,0.97719,1,1
0.00019523,0.9805,1,1
0.00019602,0.98379,1,1
0.00019682,0.98707,1,1
0.00019761,0.99033,1,1
0.00019841,0.99357,1,1
0.0001992,0.99679,1,1
0.0002,1,1,1
